0.461
0.521
0.407
0.517
0.553
0.581
0.465
0.581
0.561
0.509
0.554
0.51
0.514
0.548
0.52
0.433
0.471
0.836
0.464
0.546
0.682
0.756
0.645
0.578
0.692
0.709
0.638
0.679
0.595
0.704
0.7
0.626
0.774
0.821
0.694
0.862
0.9
0.577
0.48
0.503
0.771
0.75
0.672
0.517
0.531
0.507
0.49
0.407
0.56
0.693
0.454
0.456
0.533
0.493
0.413
0.558
0.527
0.451
0.543
0.351
0.597
0.421
0.347
0.745
0.773
0.618
0.489
0.751
0.639
0.709
0.714
0.725
0.677
0.633
0.495
0.473
0.458
0.558
0.519
0.623
0.547
0.485
0.443
0.499
0.595
0.465
0.521
0.665
0.53
0.78
0.69
0.736
0.639
0.463
0.734
0.793
0.862
0.647
0.467
0.625
0.569
0.457
0.527
0.666
0.301
0.56
0.631
0.564
0.606
0.728
0.618
0.669
0.676
0.682
0.844
0.835
0.561
0.867
0.767
0.414
0.519
0.756
0.58
0.553
0.566
0.691
0.557
0.564
0.517
0.536
0.637
0.683
0.467
0.738
0.584
0.655
0.585
0.592
0.511
0.778
0.566
0.827
0.794
0.871
0.721
0.759
0.518
0.613
0.586
0.344
0.82
0.825
0.603
0.48
0.521
0.484
0.627
0.656
0.42
0.756
0.445
0.857
0.465
0.465
0.465
0.465
0.73
0.299
0.856
0.756
0.832
0.668
0.784
0.781
0.789
0.789
0.831
0.734
0.564
0.518
0.863
0.631
0.584
0.785
0.817
0.891
0.63
0.511
0.631
0.815
0.747
0.665
0.72
0.603
0.869
0.856
0.905
0.88
0.581
0.685
0.596
0.444
0.259
0.475
0.501
0.539
0.481
0.532
0.514
0.42
0.704
0.647
0.601
0.586
0.654
0.552
0.769
0.599
0.599
0.581
0.569
0.616
0.559
0.629
0.499
0.523
0.521
0.5
0.686
0.609
0.556
0.61
0.518
0.717
0.705
0.719
0.794
0.561
0.591
0.56
0.596
0.56
0.426
0.416
0.426
0.416
0.553
0.602
0.516
0.596
0.612
0.589
0.464
0.571
0.513
0.602
0.544
0.564
0.593
0.564
0.501
0.497
0.525
0.489
0.539
0.581
0.623
0.45
0.55
0.551
0.555
0.577
0.566
0.426
0.541
0.529
0.411
0.544
0.497
0.353
0.505
0.495
0.495
0.495
0.495
0.576
0.529
0.475
0.369
0.464
0.526
0.581
0.605
0.54
0.532
0.685
0.558
0.515
0.561
0.516
0.596
0.553
0.383
0.47
0.391
0.435
0.566
0.498
0.539
0.526
0.556
0.572
0.605
0.569
0.561
0.519
0.586
0.558
0.558
0.607
0.6
0.554
0.62
0.585
0.622
0.601
0.577
0.574
0.559
0.538
0.399
0.598
0.676
0.575
0.598
0.584
0.499
0.711
0.739
0.554
0.669
0.645
0.666
0.528
0.622
0.586
0.581
0.583
0.558
0.622
0.5
0.552
0.556
0.504
0.586
0.527
0.588
0.572
0.285
0.57
0.481
0.421
0.447
0.614
0.627
0.56
0.585
0.592
0.56
0.546
0.496
0.553
0.55
0.531
0.568
0.574
0.555
0.604
0.587
0.523
0.284
0.532
0.518
0.567
0.609
0.536
0.516
0.534
0.548
0.511
0.545
0.565
0.546
0.523
0.444
0.559
0.498
0.533
0.702
0.626
0.492
0.633
0.254
0.174
0.218
0.239
0.205
0.244
0.186
0.287
0.271
0.274
0.287
0.271
0.262
0.203
0.27
0.187
0.25
0.219
0.254
0.231
0.172
0.217
0.219
0.244
0.209
0.276
0.14
0.183
0.213
0.2
0.157
0.191
0.269
0.228
0.293
0.279
0.27
0.257
0.112
0.26
0.173
0.222
0.314
0.211
0.007
0.242
0.206
0.22
0.314
0.291
0.252
0.023
0.287
0.254
0.19
0.21
0.181
0.22
0.229
0.15
0.223
0.214
0.308
0.231
0.259
0.322
0.227
0.232
0.243
0.236
0.174
0.171
0.234
0.213
0.241
0.201
0.206
0.262
0.199
0.214
0.158
0.217
0.217
0.247
0.283
0.242
0.201
0.195
0.41
0.389
0.517
0.576
0.536
0.385
0.508
0.594
0.637
0.652
0.558
0.565
0.547
0.676
0.697
0.558
0.335
0.468
0.679
0.481
0.438
0.514
0.516
0.608
0.504
0.544
0.497
0.521
0.506
0.568
0.577
0.611
0.523
0.553
0.445
0.444
0.499
0.499
0.499
0.499
0.435
0.49
0.501
0.537
0.578
0.471
0.479
0.56
0.457
0.458
0.557
0.349
0.308
0.521
0.503
0.39
0.46
0.402
0.617
0.431
0.017
0.33
0.506
0.33
0.393
0.554
0.541
0.507
0.551
0.434
0.551
0.465
0.491
0.042
0.527
0.5
0.546
0.467
0.497
0.471
0.575
0.529
0.55
0.536
0.595
0.465
0.547
0.498
0.529
0.518
0.255
0.411
0.522
0.511
0.529
0.382
0.497
0.526
0.508
0.505
0.549
0.498
0.596
0.513
0.438
0.536
0.519
0.463
0.327
0.552
0.385
0.362
0.445
0.575
0.449
0.363
0.505
0.358
0.458
0.375
0.567
0.678
0.73
0.632
0.471
0.537
0.55
0.596
0.639
0.573
0.41
0.452
0.009
0.53
0.516
0.531
0.554
0.423
0.534
0.565
0.54
0.533
0.552
0.503
0.549
0.427
0.48
0.488
0.541
0.535
0.497
0.285
0.529
0.52
0.637
0.544
0.513
0.55
0.408
0.519
0.466
0.497
0.463
0.609
0.536
0.421
0.078
0.53
0.265
0.322
0.431
0.474
0.49
0.436
0.388
0.359
0.372
0.41
0.423
0.35
0.258
0.124
0.213
0.394
0.406
0.362
0.394
0.376
0.404
0.053
0.314
0.361
0.429
0.402
0.326
0.371
0.364
0.414
0.642
0.548
0.579
0.594
0.636
0.456
0.359
0.488
0.51
0.468
0.684
0.678
0.684
0.678
0.627
0.373
0.458
0.45
0.293
0.23
0.512
0.512
0.512
0.512
0.562
0.535
0.515
0.581
0.502
0.349
0.504
0.335
0.415
0.455
0.395
0.464
0.457
0.464
0.457
0.532
0.352
0.414
0.37
0.306
0.489
0.444
0.585
0.298
0.526
0.501
0.392
0.309
0.566
0.588
0.588
0.588
0.588
0.372
0.176
0.331
0.541
0.333
0.143
0.375
0.476
0.446
0.498
0.5
0.376
0.363
0.413
0.483
0.682
0.712
0.226
0.584
0.517
0.488
0.453
0.437
0.476
0.622
0.427
0.362
0.349
0.457
0.591
0.499
0.537
0.379
0.406
0.513
0.518
0.644
0.588
0.37
0.56
0.786
0.856
0.679
0.547
0.556
0.332
0.631
0.337
0.265
0.353
0.372
0.069
0.505
0.335
0.399
0.479
0.447
0.382
0.489
0.542
0.518
0.573
0.343
0.259
0.32
0.573
0.312
0.349
0.515
0.44
0.495
0.545
0.421
0.241
0.308
0.311
0.594
0.56
0.464
0.575
0.407
0.567
0.557
0.518
0.426
0.355
0.418
0.36
0.349
0.363
0.373
0.446
0.368
0.348
0.348
0.505
0.398
0.15
0.376
0.412
0.328
0.338
0.331
0.328
0.573
0.537
0.471
0.322
0.447
0.537
0.234
0.628
0.734
0.516
0.408
0.374
0.554
0.507
0.381
0.185
0.321
0.164
0.313
0.373
0.349
0.28
0.381
0.403
0.553
0.432
0.462
0.502
0.407
0.194
0.28
0.335
0.528
0.704
0.415
0.481
0.418
0.575
0.543
0.599
0.62
0.611
0.535
0.537
0.513
0.645
0.504
0.52
0.522
0.564
0.418
0.369
0.391
0.482
0.42
0.194
0.469
0.344
0.409
0.382
0.42
0.225
0.412
0.268
0.492
0.551
0.599
0.27
0.259
0.325
0.341
0.336
0.524
0.247
0.582
0.179
0.566
0.599
0.304
0.397
0.521
0.361
0.287
0.385
0.313
0.352
0.352
0.385
0.389
0.474
0.415
0.452
0.435
0.461
0.518
0.466
0.402
0.331
0.244
0.26
0.492
0.429
0.419
0.444
0.475
0.512
0.257
0.177
0.427
0.37
0.325
0.287
0.346
0.236
0.447
0.311
0.22
0.449
0.413
0.183
0.289
0.386
0.296
0.299
0.235
0.289
0.451
0.284
0.54
0.448
0.571
0.601
0.493
0.411
0.401
0.262
0.356
0.195
0.378
0.408
0.415
0.329
0.468
0.517
0.523
0.428
0.258
0.482
0.406
0.534
0.435
0.286
0.461
0.497
0.4
0.385
0.405
0.391
0.363
0.395
0.504
0.256
0.234
0.319
0.457
0.232
0.303
0.454
0.408
0.439
0.555
0.316
0.289
0.424
0.467
0.335
0.402
0.392
0.425
0.459
0.186
0.34
0.316
0.434
0.399
0.451
0.394
0.359
0.313
0.432
0.483
0.546
0.31
0.211
0.557
0.408
0.394
0.482
0.463
0.517
0.608
0.512
0.514
0.317
0.394
0.435
0.303
0.448
0.399
0.433
0.345
0.291
0.291
0.291
0.291
0.196
0.369
0.349
0.393
0.393
0.393
0.393
0.449
0.365
0.526
0.54
0.485
0.596
0.282
0.464
0.543
0.351
0.407
0.434
0.469
0.529
0.206
0.383
0.39
0.375
0.127
0.302
0.325
0.315
0.734
0.766
0.888
0.75
0.759
0.735
0.847
0.79
0.73
0.553
0.607
0.666
0.808
0.823
0.739
0.724
0.815
0.847
0.838
0.883
0.779
0.785
0.751
0.634
0.404
0.447
0.477
0.529
0.416
0.431
0.407
0.411
0.385
0.355
0.427
0.251
0.477
0.517
0.344
0.42
0.363
0.346
0.346
0.346
0.346
0.514
0.449
0.558
0.533
0.548
0.419
0.425
0.326
0.171
0.453
0.426
0.214
0.348
0.476
0.237
0.427
0.474
0.434
0.406
0.473
0.487
0.346
0.462
0.392
0.492
0.481
0.612
0.545
0.562
0.406
0.291
0.349
0.433
0.485
0.367
0.426
0.483
0.427
0.349
0.284
0.344
0.431
0.349
0.279
0.281
0.51
0.469
0.392
0.523
0.37
0.449
0.367
0.362
0.449
0.504
0.249
0.309
0.574
0.792
0.632
0.349
0.24
0.683
0.458
0.39
0.423
0.759
0.62
0.552
0.569
0.253
0.476
0.514
0.499
0.532
0.532
0.268
0.433
0.476
0.639
0.492
0.294
0.528
0.208
0.453
0.58
0.58
0.58
0.58
0.529
0.441
0.445
0.463
0.456
0.313
0.412
0.349
0.349
0.349
0.349
0.444
0.541
0.445
0.254
0.325
0.254
0.539
0.454
0.424
0.43
0.438
0.299
0.167
0.467
0.394
0.338
0.338
0.338
0.338
0.4
0.185
0.45
0.539
0.117
0.39
0.388
0.495
0.347
0.364
0.457
0.31
0.429
0.435
0.363
0.563
0.498
0.548
0.524
0.307
0.221
0.379
0.436
0.562
0.4
0.226
0.466
0.54
0.469
0.33
0.421
0.598
0.616
0.436
0.552
0.442
0.412
0.483
0.248
0.542
0.42
0.442
0.388
0.558
0.462
0.473
0.464
0.556
0.261
0.355
0.364
0.531
0.519
0.379
0.367
0.488
0.526
0.364
0.31
0.461
0.541
0.496
0.784
0.604
0.532
0.546
0.448
0.487
0.459
0.434
0.557
0.564
0.375
0.523
0.477
0.47
0.429
0.411
0.547
0.361
0.329
0.44
0.443
0.509
0.393
0.52
0.71
0.772
0.808
0.638
0.654
0.549
0.759
0.662
0.803
0.633
0.511
0.524
0.521
0.471
0.398
0.451
0.428
0.351
0.592
0.555
0.5
0.744
0.563
0.524
0.596
0.495
0.54
0.672
0.533
0.605
0.641
0.452
0.738
0.601
0.403
0.562
0.542
0.182
0.5
0.445
0.628
0.636
0.52
0.6
0.511
0.347
0.412
0.411
0.661
0.598
0.476
0.561
0.541
0.339
0.454
0.474
0.513
0.537
0.387
0.578
0.659
0.592
0.369
0.616
0.493
0.506
0.575
0.481
0.539
0.563
0.473
0.399
0.39
0.407
0.548
0.561
0.434
0.307
0.516
0.553
0.481
0.457
0.494
0.497
0.525
0.577
0.517
0.521
0.548
0.367
0.557
0.399
0.528
0.605
0.361
0.496
0.606
0.493
0.542
0.559
0.467
0.578
0.537
0.406
0.352
0.507
0.451
0.371
0.369
0.472
0.534
0.534
0.459
0.549
0.672
0.582
0.648
0.629
0.528
0.578
0.613
0.612
0.825
0.53
0.874
0.917
0.948
0.9
0.527
0.583
0.505
0.716
0.687
0.6
0.568
0.537
0.549
0.852
0.924
0.658
0.649
0.722
0.757
0.769
0.566
0.476
0.576
0.582
0.55
0.5
0.578
0.55
0.57
0.61
0.569
0.619
0.621
0.671
0.613
0.638
0.634
0.591
0.567
0.551
0.617
0.574
0.605
0.578
0.604
0.668
0.58
0.599
0.576
0.618
0.426
0.371
0.438
0.524
0.514
0.434
0.538
0.642
0.485
0.546
0.474
0.478
0.867
0.899
0.846
0.936
0.846
0.936
0.855
0.918
0.615
0.676
0.694
0.613
0.444
0.576
0.557
0.474
0.538
0.561
0.573
0.574
0.53
0.526
0.595
0.626
0.6
0.457
0.554
0.542
0.536
0.518
0.555
0.576
0.605
0.6
0.648
0.117
0.512
0.558
0.568
0.482
0.64
0.586
0.474
0.575
0.617
0.565
0.498
0.444
0.322
0.539
0.628
0.486
0.602
0.588
0.03
0.639
0.519
0.185
0.596
0.611
0.55
0.602
0.58
0.637
0.587
0.543
0.56
0.584
0.497
0.58
0.527
0.557
0.425
0.519
0.683
0.516
0.533
0.9
0.755
0.8
0.769
0.872
0.717
0.819
0.893
0.737
0.832
0.722
0.722
0.722
0.722
0.639
0.677
0.722
0.53
0.602
0.616
0.562
0.59
0.647
0.398
0.625
0.518
0.538
0.446
0.024
0.56
0.439
0.516
0.511
0.061
0.561
0.546
0.515
0.447
0.538
0.501
0.482
0.56
0.568
0.628
0.536
0.432
0.544
0.488
0.521
0.452
0.484
0.571
0.506
0.479
0.52
0.541
0.309
0.525
0.489
0.561
0.741
0.691
0.677
0.539
0.67
0.548
0.417
0.488
0.488
0.488
0.488
0.508
0.556
0.756
0.543
0.751
0.607
0.612
0.699
0.495
0.552
0.679
0.732
0.733
0.692
0.723
0.435
0.694
0.607
0.697
0.559
0.719
0.749
0.745
0.701
0.589
0.391
0.637
0.579
0.502
0.656
0.605
0.655
0.631
0.583
0.591
0.687
0.603
0.594
0.677
0.568
0.525
0.607
0.595
0.721
0.649
0.643
0.506
0.541
0.5
0.708
0.691
0.657
0.535
0.593
0.609
0.534
0.656
0.568
0.559
0.036
0.589
0.546
0.549
0.582
0.529
0.542
0.493
0.624
0.543
0.494
0.581
0.522
0.525
0.529
0.56
0.543
0.516
0.468
0.564
0.575
0.421
0.51
0.555
0.621
0.558
0.578
0.54
0.563
0.563
0.533
0.638
0.6
0.551
0.581
0.433
0.492
0.411
0.536
0.439
0.545
0.516
0.532
0.569
0.56
0.583
0.513
0.541
0.573
0.502
0.551
0.565
0.519
0.575
0.575
0.391
0.648
0.577
0.584
0.538
0.531
0.56
0.536
0.615
0.634
0.612
0.509
0.599
0.634
0.664
0.543
0.599
0.563
0.629
0.541
0.571
0.637
0.532
0.518
0.688
0.776
0.808
0.54
0.636
0.675
0.596
0.754
0.657
0.757
0.612
0.663
0.542
0.508
0.545
0.573
0.652
0.547
0.475
0.484
0.482
0.594
0.606
0.638
0.574
0.519
0.59
0.58
0.529
0.605
0.621
0.589
0.632
0.498
0.51
0.51
0.469
0.513
0.602
0.631
0.568
0.394
0.361
0.544
0.517
0.418
0.498
0.548
0.57
0.475
0.495
0.519
0.564
0.552
0.531
0.53
0.556
0.562
0.486
0.566
0.699
0.735
0.701
0.661
0.717
0.738
0.682
0.576
0.781
0.666
0.528
0.657
0.574
0.552
0.707
0.565
0.602
0.634
0.545
0.588
0.131
0.633
0.386
0.568
0.447
0.615
0.554
0.608
0.574
0.585
0.51
0.631
0.632
0.588
0.6
0.538
0.588
0.6
0.579
0.618
0.606
0.563
0.56
0.545
0.447
0.724
0.63
0.848
0.596
0.613
0.623
0.743
0.575
0.693
0.5
0.625
0.597
0.557
0.57
0.718
0.866
0.642
0.776
0.604
0.658
0.554
0.67
0.954
0.947
0.613
0.919
0.96
0.948
0.674
0.693
0.66
0.556
0.731
0.696
0.641
0.676
0.604
0.606
0.63
0.648
0.593
0.593
0.616
0.575
0.423
0.683
0.821
0.605
0.649
0.532
0.919
0.94
0.573
0.933
0.847
0.611
0.481
0.509
0.934
0.55
0.714
0.802
0.605
0.817
0.837
0.85
0.847
0.708
0.731
0.957
0.807
0.844
0.818
0.793
0.681
0.678
0.77
0.594
0.436
0.446
0.694
0.607
0.6
0.551
0.577
0.564
0.677
0.602
0.499
0.594
0.532
0.558
0.503
0.446
0.535
0.63
0.526
0.548
0.534
